400 70 209.0 762.0
450 70 221.0 729.0
500 70 228.0 708.0
550 70 239.0 677.0
600 70 248.0 650.0
650 70 258.0 626.0
700 70 269.0 605.0
750 70 276.0 584.0
800 70 286.0 562.0
850 70 294.0 543.0
900 70 309.0 512.0
950 70 317.0 495.0
1000 70 326.0 476.0
1050 70 334.0 462.0
1100 70 345.0 441.0
1150 70 356.0 420.0
1200 70 369.0 399.0
1250 70 377.0 385.0
1300 70 393.0 368.0
1350 70 408.0 355.0
1400 70 420.0 336.0
1450 70 427.0 321.0
1500 70 434.0 309.0
1550 70 442.0 296.0
1600 70 448.0 283.0
1650 70 454.0 272.0
1700 70 460.0 259.0
1750 70 467.0 247.0
1800 70 466.0 235.0
1850 70 471.0 226.0
1900 70 478.0 216.0
1950 70 485.0 205.0
2000 70 491.0 197.0
2050 70 498.0 187.0
2100 70 503.0 179.0
2150 70 510.0 169.0
2200 70 515.0 162.0
2250 70 519.0 156.0
2300 70 526.0 148.0
2350 70 531.0 142.0
2400 70 538.0 129.0
2450 70 543.0 123.0
2500 70 549.0 115.0
2550 70 554.0 108.0
2600 70 559.0 101.0
2650 70 564.0 94.0
2700 70 569.0 88.0
2750 70 573.0 83.0
2800 70 578.0 77.0
400 120 242.0 719.0
450 120 252.0 693.0
500 120 264.0 663.0
550 120 276.0 627.0
600 120 284.0 607.0
650 120 297.0 579.0
700 120 307.0 554.0
750 120 320.0 532.0
800 120 331.0 514.0
850 120 342.0 488.0
900 120 352.0 468.0
950 120 366.0 442.0
1000 120 378.0 420.0
1050 120 388.0 403.0
1100 120 397.0 385.0
1150 120 409.0 362.0
1200 120 421.0 342.0
1250 120 427.0 328.0
1300 120 436.0 313.0
1350 120 444.0 298.0
1400 120 454.0 285.0
1450 120 459.0 274.0
1500 120 468.0 258.0
1550 120 476.0 245.0
1600 120 483.0 233.0
1650 120 492.0 221.0
1700 120 499.0 212.0
1750 120 510.0 200.0
1800 120 518.0 190.0
1850 120 528.0 179.0
1900 120 533.0 168.0
1950 120 537.0 164.0
2000 120 542.0 155.0
2050 120 550.0 145.0
2100 120 555.0 137.0
2150 120 559.0 131.0
2200 120 566.0 125.0
2250 120 570.0 118.0
2300 120 576.0 111.0
2350 120 581.0 103.0
2400 120 584.0 99.0
2450 120 586.0 96.0
2500 120 592.0 89.0
2550 120 597.0 84.0
2600 120 601.0 79.0
2650 120 593.0 74.0
